Km=0.9;
Ke=0.9;
R=2;
L=0.4;
J=0.015;
f=0.01;

