[TreeExpandedChar2005]
CurExpandedChar_NEWTREE_PRIM0=4
ExpandedChar_NEWTREE_PRIM0=8104000001000000F3FFFFFFFEFFFFFFF5FFFFFF63
CurExpandedChar_NEWTREE_PRIM1=3
ExpandedChar_NEWTREE_PRIM1=81040000F3FFFFFFFEFFFFFFF5FFFFFF62
CurExpandedChar_NEWTREE_PRIM2=3
ExpandedChar_NEWTREE_PRIM2=81040000F3FFFFFFFEFFFFFFF5FFFFFF62
[ModelTreeOption]
BottomPaneActivated=1
TopPaneActivated=0
[DynamicMotion]
max_force=100.
force_scale=1.e-002
[NoeudPos]
m_bFileSaved=1
n[0].x=277.000000
n[0].y=561.000000
n[1].x=69.000000
n[1].y=447.000000
n[2].x=49.000000
n[2].y=335.000000
n[3].x=77.000000
n[3].y=232.000000
n[4].x=278.000000
n[4].y=132.000000
n[5].x=379.000000
n[5].y=421.000000
n[6].x=391.000000
n[6].y=320.000000
n[7].x=714.000000
n[7].y=395.000000
n[8].x=292.000000
n[8].y=582.000000
n[9].x=292.000000
n[9].y=603.000000
[WindowPos]
windowPlacement=2C0000000000000001000000FFFFFFFFFFFFFFFFFFFFFFFFFFFFFFFF9F0000008C0000005104000021030000C1
m_iXClient=930
m_iYClient=625
[Facteur]
m_dFacteurX=1.871227
m_dFacteurY=1.440092
[InputGrapher]
bBackground=0
